0 0 A 8 H 0 0 0 0 B 0 0 0 0 0 0 0 0 0 0 0 O 0 6 0 
0 0 0 0 0 0 0 0 0 G 0 0 A I 0 0 0 0 0 1 0 0 0 0 0 
J 6 0 0 0 0 0 0 0 P 0 0 0 0 O I 0 0 0 0 0 0 0 4 0 
0 0 0 0 0 0 C 0 0 0 0 0 0 0 0 0 0 0 0 0 0 0 0 D 0 
0 0 0 0 0 0 0 0 0 0 0 0 0 8 0 0 0 0 0 0 0 L 0 0 0 
F 0 0 0 0 5 0 L D 0 0 0 4 0 0 0 0 0 0 0 0 0 0 0 0 
0 0 0 0 4 0 0 0 P 0 0 0 0 0 0 0 0 0 0 0 0 0 0 J 0 
0 0 L 0 0 C 0 0 0 0 0 0 0 0 3 0 0 0 7 0 0 0 0 0 0 
0 0 0 0 P 0 0 3 0 0 O 0 6 0 F 0 0 0 0 J 0 0 0 0 0 
0 0 5 0 K 0 0 0 0 0 0 0 0 0 0 0 0 0 0 0 0 G 0 0 4 
0 K 0 0 0 0 0 0 0 0 0 0 0 0 0 N O 0 B 0 0 0 0 0 0 
0 0 0 G 0 4 5 0 0 0 3 0 0 0 0 P 0 0 0 0 0 0 0 0 0 
0 0 0 0 0 0 0 0 0 0 0 0 0 0 0 0 0 0 0 0 K 6 0 0 0 
0 0 0 0 0 0 0 0 0 0 0 0 0 H 0 0 0 0 0 0 0 0 0 0 0 
0 0 M 0 D F 0 0 0 0 0 A 0 0 0 0 2 0 C 0 5 0 1 0 0 
0 0 0 0 0 0 0 C 0 0 6 J 0 3 0 0 0 0 0 0 0 M G 0 0 
0 0 0 0 7 N 0 2 0 A 0 I 0 0 0 0 F 0 0 0 0 P O 0 0 
0 0 0 0 0 0 0 0 0 H 0 0 0 0 0 0 0 M 0 D 0 0 0 0 0 
O 0 0 0 0 0 0 0 F 0 0 0 0 K 0 0 0 0 0 0 0 0 0 0 0 
0 0 0 0 0 0 0 0 I 0 0 C 0 0 0 0 0 0 0 0 0 0 E 0 0 
0 0 P 0 0 0 0 0 0 0 0 0 0 0 D 5 0 0 0 0 0 0 0 0 0 
5 4 0 0 0 0 0 0 0 0 0 0 0 0 0 2 0 0 0 0 0 0 0 C 0 
0 0 0 0 0 0 7 0 0 0 0 O 0 4 0 0 C 0 0 0 0 0 0 0 0 
0 0 0 0 0 0 0 0 0 0 0 0 0 0 0 0 0 0 0 L 0 0 0 3 G 
0 0 0 0 0 0 0 0 0 0 0 0 0 0 1 0 0 0 0 0 0 0 0 0 0 
