0 0 0 0 0 0 0 0 5 F 0 D 0 0 0 0 
0 D 0 E 0 0 0 0 0 0 0 0 0 0 0 0 
0 0 0 0 0 B 0 D 0 0 0 0 0 0 0 0 
0 0 8 0 0 0 0 6 B 7 0 0 0 0 0 0 
0 B 0 7 4 0 0 0 0 0 0 E 0 0 0 0 
0 0 G 0 0 0 0 0 6 0 0 F 0 E 0 0 
0 0 0 0 0 0 0 0 0 0 0 0 0 1 0 0 
C 0 0 0 0 0 0 0 0 8 0 0 0 0 0 0 
0 5 0 0 0 0 0 0 4 0 0 0 G 0 0 0 
0 4 0 0 0 0 0 0 0 0 0 0 0 0 0 0 
0 0 0 0 0 5 0 0 0 2 0 0 0 0 0 0 
0 0 0 0 0 D 0 0 0 0 0 0 9 0 8 0 
9 E 0 5 0 7 2 0 0 0 0 C 8 0 A 0 
8 0 0 0 E 3 0 0 0 0 0 9 0 0 0 0 
0 0 0 0 0 0 0 0 0 B D 0 E 0 3 0 
0 A 0 0 0 0 0 0 0 0 0 6 0 C 0 0 
