0 0 0 0 0 0 0 0 0 0 0 0 8 0 0 0 0 0 0 5 0 0 0 0 0 
F 0 0 P L 0 3 0 0 I 5 0 0 0 0 0 0 9 0 0 0 8 0 0 K 
0 0 0 0 0 0 0 0 A 0 0 N 0 0 I C 0 0 1 0 D 6 0 0 0 
0 0 0 0 0 1 0 0 0 0 P 0 M 0 0 0 0 0 0 3 0 0 0 0 L 
0 0 0 0 0 0 0 0 0 6 0 0 0 9 0 0 0 0 0 0 0 0 0 0 B 
0 5 0 0 0 0 0 0 0 0 0 0 0 H 0 0 0 0 0 0 0 0 F 0 0 
0 0 0 L 0 0 C 0 0 0 0 0 0 0 0 0 0 I N 0 0 0 0 0 0 
0 0 0 0 D L 0 0 0 0 0 0 0 M 0 0 0 0 0 0 0 0 0 0 0 
H 0 0 J 0 0 0 0 0 0 0 0 0 0 0 0 M 0 0 0 0 0 6 0 0 
0 0 0 4 0 0 0 O 0 0 G 0 5 0 0 0 0 P 0 0 0 0 0 0 0 
0 0 0 E 0 0 0 0 0 0 0 0 0 0 0 0 0 J 0 0 0 0 0 0 0 
0 B 0 0 0 0 0 0 0 0 0 0 0 D 0 0 0 0 0 0 0 7 0 0 0 
5 0 0 0 0 3 0 0 0 0 0 0 0 0 0 4 0 0 0 0 0 F K G 0 
0 0 0 0 0 0 0 0 0 0 0 0 0 0 0 6 0 0 0 0 0 0 0 0 0 
0 0 0 0 0 0 0 0 0 0 0 0 0 0 G 0 L 0 0 M 0 0 0 0 0 
0 0 3 0 0 0 0 0 0 0 0 0 0 0 0 0 0 0 0 0 0 0 0 0 0 
0 2 0 0 0 K 0 0 0 0 0 0 0 0 0 0 N 0 0 P 0 0 0 A 0 
0 0 N 0 0 0 0 0 0 0 0 K 3 0 0 0 0 O 0 0 0 0 M 0 0 
0 0 J 0 0 9 1 0 0 0 6 0 E 0 0 0 0 0 0 0 0 0 0 0 P 
4 0 P 0 0 0 0 0 8 0 0 0 N 5 0 0 0 F 0 0 7 0 0 0 J 
0 0 0 0 0 5 8 4 0 2 0 0 0 0 O 0 0 0 0 0 0 0 0 0 0 
0 0 0 0 0 0 0 0 0 0 0 0 0 0 0 0 0 4 0 0 0 0 0 0 0 
0 0 E 0 0 0 0 0 0 0 K 0 0 0 0 0 0 0 0 0 0 0 0 0 0 
0 0 0 0 0 0 9 0 0 0 0 P 0 0 0 0 7 0 0 0 0 0 0 3 0 
0 0 0 0 0 0 0 0 0 F 0 0 0 L 0 0 0 0 0 A 0 0 0 0 0 
