3 0 0 0 0 F 0 0 0 0 0 0 0 5 0 0 
0 0 0 0 0 0 0 0 0 0 0 0 1 0 A 2 
0 0 0 0 0 0 0 0 0 0 0 0 0 0 0 0 
0 0 0 0 0 0 G 0 0 0 0 0 0 0 0 0 
0 0 0 0 0 0 0 0 0 9 0 0 0 0 0 0 
0 0 6 0 0 E D 0 0 0 0 0 0 G 8 C 
0 0 0 0 0 0 0 0 0 0 0 0 0 0 0 0 
0 0 8 0 0 0 0 0 B 0 4 0 0 0 0 A 
0 A 0 0 0 0 0 0 0 0 0 0 0 8 0 0 
0 1 0 0 0 0 B 0 0 6 0 0 0 D 0 0 
0 6 0 0 0 0 5 7 G 0 A 0 0 0 0 4 
5 0 0 C F 0 0 0 0 1 3 0 G 0 0 0 
0 0 0 0 E D 2 0 0 0 0 0 0 0 0 0 
0 0 0 A 0 0 0 0 0 7 0 0 E 0 0 G 
0 0 0 4 0 G C 0 0 0 0 0 5 0 0 0 
0 0 0 0 A 0 0 0 2 0 0 0 0 0 0 7 
