K 0 0 0 0 0 P 0 0 0 0 0 0 9 0 2 0 0 0 0 0 0 0 0 0 
6 0 0 E 0 0 0 J 0 0 0 0 0 0 P 0 0 0 0 0 A 0 0 0 0 
F 0 0 0 0 0 6 0 0 H 1 G 0 K N 0 0 5 7 0 0 B 0 0 0 
7 0 0 0 0 0 G 0 0 4 0 0 J 0 0 0 0 0 F 8 C N P 0 0 
0 0 0 0 0 0 0 C 0 0 8 0 B 0 0 I M 0 0 0 0 7 0 0 0 
A 0 0 C 0 0 0 0 0 0 0 0 0 0 0 0 K 0 0 0 0 0 0 0 0 
0 O P 0 7 J 0 0 0 0 0 0 6 0 0 0 0 2 0 L 0 F 0 0 0 
E F 0 0 0 0 0 0 M 0 0 0 I 0 0 0 0 C 0 0 0 0 0 1 0 
0 6 0 8 0 0 0 0 N 0 0 0 0 0 0 0 H 0 0 0 3 2 4 0 0 
0 0 0 0 0 0 0 0 0 0 E 2 0 0 0 0 0 0 9 6 0 0 0 J 0 
N 0 0 0 0 0 0 0 0 0 0 F 4 M 0 0 L 0 8 P 0 0 B 0 0 
0 0 0 M 0 0 0 0 0 0 0 0 9 0 0 0 B 0 0 0 0 0 7 0 0 
0 0 0 4 0 0 2 0 5 0 0 0 0 0 A 0 0 0 0 0 0 0 0 6 3 
0 0 0 0 0 H 0 0 0 3 7 0 K 0 0 0 0 0 0 0 0 0 0 0 0 
0 0 0 0 0 1 K 7 P 0 0 H 0 0 J M 0 0 0 0 0 0 0 E 0 
0 0 0 0 6 0 0 0 0 0 2 0 0 0 0 L 0 0 0 0 H 0 0 0 0 
J 0 0 0 0 0 D 0 0 0 O 5 0 0 0 3 0 0 K C 0 9 0 G 0 
0 0 0 0 0 0 0 0 0 N 0 0 0 0 0 0 0 0 5 0 0 0 0 0 7 
0 0 0 0 0 0 B 9 0 0 0 0 0 0 0 0 4 0 0 0 2 0 D 0 0 
P 0 0 I 0 0 0 0 0 0 0 0 0 0 3 0 N 0 0 0 M 0 0 B 0 
0 0 0 0 0 0 0 0 0 0 0 0 G 0 0 0 0 0 0 0 0 0 0 F 0 
0 0 0 0 K 0 0 0 0 0 0 8 C 0 0 5 7 P 0 I 0 0 0 0 M 
H B 0 0 J 9 0 0 0 0 P 0 0 0 0 0 0 D 0 0 0 0 A 0 0 
0 4 1 N 0 0 0 K B C 0 0 E 0 0 0 0 9 0 O 0 6 0 0 0 
0 0 0 0 0 0 3 0 0 0 0 0 0 0 H 0 0 M 0 0 0 0 0 0 0 
